Hashing with Linear Probing
Null 49531 1 31753 2 (5)
3 9531 4 5 6 (10)
7 49287 22999 11 47893 (15)
88531 92345 62501 35197 8 (20)
9 78888 10 12 62000 (25)
13 14 42699 80800 79531 (30)
15 2698 2699 14763 78901 (35)
39531 16 17 18 19 (40)
99989 20 123456 901234 78911 (45)
92501 12345 Null Null Null (50)
99999 56565 38531 Null 84763 (55)
12501 55555 12503 Null Null (60)
Null Null 54545 26987 Null (65)
Null 33975 Null Null Null (70)
19501 Null 67890 567890 Null (75)
89102 Null Null Null Null (80)
90123 Null Null 42501 Null (85)
81111 678901 Null 62699 71717 (90)
789012 1234 54321 22699 Null (95)
59531 18765 456789 Null 22705 (100)
Null Null Null Null 358 (105)
Null 90911 890123 37319 Null (110)
Null 72501 67676 13956 57391 (115)
47993 345678 Null Null Null (120)
22599 64763 Null 89531 Null (125)
234567 27431 
Primary Collisions: 140
Secondary Collisions: 135
Time: 2799 ns

Hashing with Quadratic Probing
Null 49531 1 31753 3 (5)
2 9531 4 5 6 (10)
7 49287 22999 88531 47893 (15)
9 92345 62501 35197 13 (20)
10 78888 12 8 62000 (25)
15 11 42699 80800 79531 (30)
20 2698 2699 18 78901 (35)
39531 12345 14763 17 Null (40)
99989 Null 14 901234 78911 (45)
92501 Null 19 123456 Null (50)
99999 56565 16 38531 84763 (55)
12501 55555 12503 Null Null (60)
Null Null 54545 26987 Null (65)
Null 33975 Null Null Null (70)
19501 Null 67890 567890 Null (75)
89102 Null Null Null Null (80)
90123 Null Null 42501 Null (85)
81111 678901 Null 62699 71717 (90)
Null 1234 54321 22699 789012 (95)
59531 18765 456789 Null 22705 (100)
